 1.1138873040018993 -2.0843554637578938e-2
 -1.8489582728175702 -1.5912363174171378
 -1.5587554572876523 1.8962156817452274
 3.971742553667046e-2 -0.7065720421826638
 1.4605257455557923 1.6928346424460898
 -1.6441729404772374 -0.33603888613274674
 0.823361938242171 -2.0830708803554145
 -0.1430967254915775 1.2963947557871909
 1.9461516343422518 2.0107764988083887
 1.6811768345701776 -2.1826039468294667
 1.2720586911900917 0.5500942899655225
 -1.9458035772226927 -1.5473217640468322
 1.6938556890883887 0.45154624572072966
 -1.809545072820255 0.9413789239189527
 1.01413669980622 -0.45378620170678124
 0.35588136768378026 -2.013119573153734
 1.7298354090783057 0.23528228020551323
 -1.017022088544068 -0.6649832456884892
 -0.3948611818832092 -1.9724230047596172
 0.5816971797309941 1.6621976199507555
 -1.7996513464923096 -0.9092977153303688
 2.2569845067427514 1.3422822085103434
 1.059391403494529 -1.143208844118245
 0.2840429629460769 -1.0530643365115013
 -0.18847746932017503 0.9056045152241302
 -0.48568018459053924 1.1327150760534934
 -0.27310343745981164 1.0217131953871401
 -0.31175566559104506 1.189694333230585
 -0.3842470929989611 1.2831404262397323
 -0.17168573369609746 1.226973275588316
 -0.2500162882532924 1.3856151431004018
 -0.44194332825761795 1.190223968931242
 -0.3225456566321008 1.1013151790567097
 -0.5429913554479979 0.9618951975689544
 -0.49284619220560744 1.1320563009252103
 -0.4026107982234933 1.1496605057895761
 -0.4245804338614837 0.8752006411990284
 -0.6140009100595928 1.4427629438452727
 -0.8111550515235578 1.1970595844347842
 -0.9820939600747025 0.9923004903679391
 -0.26803189780177517 1.4622291815015238
 -0.20979423694398366 1.0957665934243783
 -0.6064931842753918 1.0812799640754045
 -0.38697822008711 1.2032444167702205
 -0.30648115046308283 0.8107909462532535
 -0.7175752790721441 1.0842365155936546
 -0.45071608326246326 0.88962706101223
 5.8304607263736416e-2 1.136523912505272
 -0.7335667770330425 1.0999208722663814
 -0.6201811281154219 0.9005996132783441
 -0.5494867979527192 0.9567399105339416
 -0.2797899240210034 1.3752164343878872
 -0.5892647839703924 1.0409353607039815
 -0.30110105274619464 1.5096568619077162
 -0.2894278189434708 1.1497262177287062
 -0.47353214364434454 1.1929967781388227
 -0.4417139098303671 1.086076789008984
 -0.8368775998348851 0.9300538126128595
 -0.6393532914094491 1.293400499494377
 1.2458609508804257 -0.7671477831515058
 1.3393668158364485 -0.27299655853298016
 1.5008896339498965 -0.7428690524150295
 1.2428808081885143 -0.3657208295611271
 1.448871934227569 -0.2523190805783706
 1.3932691488094608 -0.28767669449878086
 1.338306712155523 -0.44317482766871696
 1.5043106116852438 -0.7560320778261544
 1.3726148232482738 -0.38516428854894286
 1.1543428997831313 -0.886898475930729
 1.3060002873061987 -0.6065275372369024
 1.2430402365034035 -0.6808053038718642
 1.2923037398335775 -0.6869507076867372
 1.3608060191085711 -0.6987879810905737
 1.403155253192511 -0.6557276984853422
 1.5106447330208064 -0.13149656393197362
 -0.20270524145325877 -1.490253547130743
 0.21991416958757476 -1.4999749145287848
 0.15015626838288104 -1.4236613062239751
 1.4389282347792649e-2 -1.631087925124092
 0.1729745291489808 -1.488101164685939
 -0.20715287384180556 -1.7387489897476212
 -2.5626368423085504e-2 -1.5954148670826596
 -6.087534095950203e-2 -1.5742298084678612
 -0.24157912587988353 -1.5522861694070202
 -8.884096863515215e-2 -1.5258137226273212
 6.260997792392405e-2 -1.2457550335926248
 -2.349359798087682e-2 -1.521485172201294
 -5.124866646993726e-2 -1.430968859326511
 -0.2013844550848173 -1.7305893351509787
 0.19960599043318308 -1.12746918131479
 -0.3278287708923148 -1.6501371802634612
 -0.16732321775051007 -1.493940370713992
 -0.32793919890404516 -1.7959481543142266
 3.361268159633703e-2 -1.42456655202974
 -0.36624459376946167 -1.8298144045949913
 -2.1014207771829822e-2 -1.6144345064892371
 5.978891133499928e-2 -1.5156009765316532
 1.9413012562871194e-3 -1.4758782886588655
 -8.609235041221756e-2 -1.4749412666181794
 9.300638234245924e-2 -1.4536387147715022
 -0.2916547735641966 -1.8411882564323991
 -0.4516982699956773 -1.7453423254128066
 0.19056374801776885 -1.3423892330794567
 7.003791406058521e-2 -1.698297841486132
 0.14790225406045346 -1.2800281902002875
 1.6948492682587787e-3 -1.375576532730781
 -0.2741736792173814 -1.5876213751503248
 4.443047510251157e-2 -1.4121862791950195
 -0.2727391639863044 -1.7005073883608013
 -0.18108797978942714 -1.3621055663874613
 -1.7519379881027122 -0.4194389809498078
 -1.271510816055347 8.035511273295506e-2
 -1.4622355657871515 -8.105417529675273e-2
 -1.7352500260118446 -0.353465429961743
 -1.4395140532100823 -9.97965430553611e-2
 -1.5222017577214086 -0.24798306220288224
 -1.4015989631222097 -9.429601851823705e-2
 -1.37023944820009 -1.0048363112112739e-2
 -1.3599163458670012 6.659810019644945e-2
 -1.4569431152270722 -0.2050286673754288
 -1.4203944121572152 4.457721954112136e-2
 -1.584798521734175 -0.30125537628671895
 -1.5584637432887198 -0.12978375075877702
 -1.402611881463412 3.590499925866251e-2
 -1.4013007581951882 2.678667862770174e-2
 -1.4013637831144985 -0.1797314513375271
 -1.5165825473952288 -0.22392480908518517
 -1.4568098912584175 -1.6901881826891587e-2
 -1.6218489421574755 -0.3673502596554496
 -1.6206644977578477 -0.3790941354994795
 -1.4388371794628527 -1.2866676706187035e-2
 -1.40952249152941 6.957468355561108e-2
 -1.3541533891008084 2.0672227148764e-2
 -1.5812820081520929 -8.159573138299869e-2
 -1.2236090363846075 -3.1243349549293878e-2
 -1.4957372080818407 -0.14541522035421175
 -1.4076068104148525 -7.70270919384776e-2
 -1.425062933189742 -8.993607422638952e-2
 -1.4146875885522308 -4.775354299577667e-2
 -1.6386878972517274 -0.22965680961669752
 -1.655477400538604 -0.3415858490415578
 -1.0930478212165036 0.261396918969271
 -1.1753210974695014 7.652703924218063e-2
 -1.3300430625667374 3.165725225860312e-2
 -1.4922270349862832 -3.948914512927017e-2
 -1.5695198919570221 -0.3375738678770852
 0.7014266516250676 0.6599470682829295
 0.8305782365258132 0.8118369136664741
 0.946937957135707 0.9233364732142965
 0.7155831530294664 0.6707017410628072
 0.8297973374799525 0.7899316765324726
 0.8041019573281544 0.8271171590274431
 0.8037328083041357 0.740266665198336
 0.9072353279759943 0.8078882984550056
 1.0921846071888637 0.987060871738802
 0.6549657055196678 0.7449833298056813
 0.8754146838260656 0.7463017766113059
 0.7811525055674073 0.553555048513611
 1.0238963370374232 0.8655293568849332
 0.8817363694202465 0.9096837975511753
 0.8470381558693426 0.7624678664536505
 0.9582129137642589 0.8801397792276081
 1.126495958132627 0.8464224863073864
 0.6759155783963797 0.6540703079520278
 0.8744031728931196 0.708885523964299
 0.8068728861299009 0.7424947927442213
 0.9698307952093661 0.751068278684536
 0.9370006518760211 0.8374911238337438
 0.8139494749044457 0.7505511817499685
 1.0768914701741028 0.9002932769370593
 0.8059189985561933 0.7181510646441432
 0.7688957560975256 0.6452789355875506
 0.7640836633118118 0.6907969554941036
 1.0464007811209268 0.9402647308706614
 0.8750796480930499 0.7880564548607927
 0.9589831807743934 0.7676825074450139
 0.7658775060834667 0.6024883685019063
 0.979341952868138 0.6864737919969317
 0.9443784711640311 0.8963452638342855
 0.7863822746444284 0.797145857994974
 0.6784364244769724 0.7715720899135255
 0.6646533370862091 0.6047473780972057
 0.7507568713455778 0.5686958333497611
 0.9686183220506032 0.9664321608783231
 0.9689771915330402 0.8168647138711
 0.6991112038562529 0.5938618076289175
 0.7818538450517405 0.9144035393694409
 0.6759730559420971 0.7273854503705693
 0.916918486863278 0.9204938647715497
 1.1699065376678526 1.0630609379962204
 0.9350829095180493 0.9078741005687474
 0.8679331442172451 0.7315314975912203
 0.5824090300475884 0.40528968784323777
 0.8494728853183383 0.661131061715176
 0.8534993142172973 0.870208899149761
 0.8403951080196632 0.8209744670640344
 0.9642893200423615 0.7914110345071566
 0.6598144908433841 0.5902632572917103
 0.856414573163659 0.7834155520668906
 0.8018971162388802 0.8343600980662599
 0.8066247107222085 0.8003505282102266
 1.0336433471006816 0.9050752604223146
 1.3706358492601762 1.2758991902757018
 0.778550498119572 0.6856794671644303
 0.9149064543726321 0.7273020462486179
 0.9525630772644142 0.8480943881789731
 0.637680788782938 0.5989737584234965
 0.9730984366697237 0.8784707509410897
 0.8068478812235084 0.8140300049909148
 0.8528464482164888 0.6451881612948653
 0.7067971173872232 0.6146478511527852
 0.9087255091520611 0.8544124718306374
 0.49856013738165633 0.418118342914127
 1.0040716297815369 0.9088535412002671
 0.833784043251459 0.787364580203561
 0.8832969155364662 0.9793714996097823
 0.9646606438323018 1.0381602628507525
 0.9353385415106599 0.8940112260652363
 1.0045372889670976 1.0087868096988692
 1.0624142141334019 0.8810893712574294
 0.7510614367509632 0.6340453666984472
 0.7792469361670509 0.7995580717224423
 1.1382767668524352 1.1542407850996386
 0.8813271541099473 0.8506438857766558
 0.9874411409044939 0.8668009872433315
 0.82317192705131 0.7814854046627424
 1.01094312660761 0.8048856609848238
 0.8016037525693271 0.7057453831857051
 0.8864679556683701 0.6598437378130089
 0.6336447089007936 0.5943554665075484
 0.7876665024747025 0.7340475935131509
 1.03096852988412 0.9237189480663017
 0.7216992223550759 0.7933585983065988
 0.6963591652581348 0.5907390087487907
 0.7939032941391891 0.7853095721091924
 0.5173082481747863 1.1836145730910292
 0.9988492899803351 0.7489746378562939
 0.9065060555677182 0.7060227393989619
 0.901819746919856 0.67417168694084
 0.6737615915730548 1.0012935470184852
 1.0443595663571872 0.5274937280877776
 0.8992877050825104 0.8277978263766465
 0.8985579009158091 0.7360409610462464
 0.6621547646342999 0.9570021400906346
 0.7254144343314097 1.0216425984261417
 0.6804759024544738 0.9980841658939587
 1.0180482146878718 0.6369341141200459
 0.7483906989363047 0.9026004297535031
 0.9473957399308128 0.7087096758335559
 0.9352935225691161 0.7385868518379843
 0.899093502941749 0.7687664937152416
 0.8913159025604709 0.688895653733981
 0.9470971199488074 0.9272560730672336
 0.751055277636389 0.8962165524028055
 0.6311988328296366 0.9916916597608656
 1.1340076211673806 0.7319985105152264
 1.017213342226507 0.7360748284357888
 0.9086349272409385 0.7048148613761865
 0.9596088626203704 0.739253709123787
 1.0539424873331327 0.7426548263021757
 1.1165312540445878 0.637102654693969
 1.1335684316940426 0.5838923129406663
 0.8111712246463106 0.7352418703386498
 0.7236842595816928 1.0317901574420905
 0.7910654697847831 0.8702660036606237
 0.8555744399366232 0.7302957528324782
 0.8531777498609184 0.9277651626912505
 1.0149863325535489 0.566354448694672
 0.8983263712595267 0.9044902235205585
 0.928286581544865 0.9090950110318592
 0.9223514716462172 0.8138091516621037
 0.9783357389577726 0.6598123114328039
 0.9651091430578931 0.7739012715142546
 0.8887993867705144 0.8018144511542254
 0.7894499143660172 0.8194824428459498
 0.6077680740122953 0.7917168859644304
 1.1199224512913166 0.6678635186684257
 1.2048492541266866 0.570226648124294
 0.8903317781776608 0.7611566353040538
 0.7181841947309948 1.009504877179305
 1.0489559088976372 0.7345766942385179
 0.955598816776124 0.7751093479449758
 0.9182941822244117 0.6846180257590413
 0.9840956549961358 0.5702245443382475
 0.9530901230192012 0.7502634784731254
 0.8717297132255465 0.6721767348210772
 1.1218296072242457 0.5883774414458873
 0.8939473033868084 0.7282269960587652
 1.1370216101093178 0.8067848401378068
 0.8457823115779627 0.8598675237632966
 0.7927043767586884 0.8477754258172264
 0.8983056457784097 0.6529490343363871
 0.8920306069409467 0.911553605085137
 1.072591990011838 0.6065807661074991
 0.9193447674089995 0.7015693248089333
 0.924921066259079 0.7106003622302691
 0.6924285280324358 0.9998229733435812
 1.1197717714961855 0.631165048835963
 0.8283664599432593 0.9250095573712801
 0.7260074286023073 0.9377583517522936
 0.913108722347172 0.8333660611084652
 0.8825045469507031 0.7626917945482528
 0.8369254661025125 0.834318373732736
 -0.896618753607077 -0.989640327955619
 -1.114089068306035 -1.1099973972619157
 -1.044540120356522 -0.9951303417963391
 -1.2537524176898072 -1.2917483298482755
 -1.1910834435120048 -1.2096642986024158
 -1.0912570027108193 -1.057416138717928
 -1.0191346889317014 -1.0691652670472265
 -1.2864206944922212 -1.2564430034912017
 -1.0374130128526213 -0.9670597886379514
 -0.7792876562794718 -0.9408173044531157
 -0.9038922801999041 -0.9935106362591137
 -0.9048579800307208 -0.9534239282122171
 -0.7333896822372686 -0.7616221856459533
 -1.0706757457576728 -1.1135934120074928
 -1.047581055662678 -0.9985226925811019
 -0.7447859385595306 -0.7826002300055247
 -1.12975219833372 -1.1788188562418
 -0.9855231900650605 -1.0615544188285668
 -0.9384436696250984 -0.961670300383477
 -0.8942221374345728 -0.8742385023880412
 -1.359648521159798 -1.3569109124287988
 -0.9782952814870257 -0.9776680187753224
 -0.9367005297032917 -0.9775829671572309
 -0.8656838969960804 -0.8808337274536695
 -0.9956153676571504 -1.0367316680762826
 -1.0958449148992373 -1.217660611036969
 -1.0142153450157239 -1.106767055945263
 -1.057308521250394 -1.0454195431644486
 -0.8750105703522387 -0.9604656370856506
 -0.9024759475056295 -0.9830769343421591
 -0.9104708336933265 -0.8638648601514535
 -0.9767385736074897 -1.013309222665764
 -0.8945475586457654 -0.8009126243084943
 -1.153206590596535 -1.438698932839706
 -1.279972431466679 -1.253615731297062
 -1.3742593683326996 -1.0000123857142473
 -1.5199324894130584 -1.3143207926336078
 -1.4144825006646686 -1.3165630910452917
 -1.186448845876311 -1.2694003095939836
 -1.0710514642083193 -1.2600486593825004
 -1.364232953059649 -1.5097231739427635
 -1.102656063601625 -1.3269362384307073
 -1.105442460836409 -1.3250425696647445
 -1.24682594700332 -1.4334200217958435
 -1.319747951448589 -1.2821189494509855
 -1.3437629970668672 -1.329332174744878
 -1.1753911657444192 -1.1791395541808645
 -1.2571910174761478 -1.5012209708674509
 -1.2799432184561992 -1.2257009826076026
 -1.1779195301682155 -1.5201756148472163
 -1.4270989230935887 -1.146334064871967
 -1.2950727814198184 -1.5802765748014609
 -1.5630841264251085 -1.3865373188491994
 -1.1233039643489964 -1.2384733762195563
 -1.2141610711379642 -1.144792449958567
 -1.029904861193954 -1.1485096539092936
 -1.320360554583056 -1.149815029683888
 -1.3107890080112792 -1.2481336962466896
 -1.4111701094669988 -1.3537376852301453
 -1.1745186104188192 -1.3240993631289133
 -1.3152929878469484 -1.4704766741799657
 -1.3518554407287717 -1.1501048483378848
 -1.1681701440027707 -1.320048646094475
 -1.0052950375882275 -1.2918119301975635
 -0.9210969371907447 -1.10640472752731
 -1.4307126510628452 -1.3125767012417398
 -1.3513202124160784 -1.3094507585820265
 -1.3914071756936714 -1.413466746859971
